15
62 17 38 91 44 73 25 56 89 12 33 77 50 29 84
53 28 99 14 47 81 36 65 20 58 93 41 70 15 68
75 31 86 23 59 94 49 10 42 79 16 54 87 34 71
19 64 97 52 11 45 80 35 66 21 57 90 13 48 83
39 78 26 61 95 18 55 88 43 72 30 67 22 60 85
98 51 24 69 32 76 37 82 27 63 96 40 74 46 92
17 54 89 42 77 30 65 20 58 93 48 81 35 70 25
83 36 71 14 59 94 49 12 67 22 60 95 38 73 28
68 31 86 23 61 96 41 76 29 64 19 57 92 45 80
44 79 32 87 50 85 26 63 98 53 10 47 82 39 74
21 56 91 34 69 24 62 97 52 15 48 83 40 75 30
95 18 55 90 43 78 33 88 41 76 27 64 99 16 51
70 25 60 11 46 81 36 71 22 59 94 49 84 37 72
47 82 35 20 57 92 45 80 13 58 93 38 73 26 63
84 29 66 31 74 19 54 89 42 77 32 67 24 61 96